1 0.5671875000000001 0.46710526315789475 0.003125 0.018421052631578946
1 0.2609375 0.46578947368421053 0.00625 0.021052631578947368
1 0.49921875000000004 0.4013157894736842 0.004687500000000001 0.018421052631578946
1 0.45859375 0.4013157894736842 0.004687500000000001 0.018421052631578946
1 0.42421875000000003 0.4013157894736842 0.004687500000000001 0.018421052631578946
1 0.7359375 0.41578947368421054 0.015625 0.05789473684210526
1 0.21953125 0.37763157894736843 0.0078125 0.02368421052631579
1 0.1875 0.3631578947368421 0.009375000000000001 0.02631578947368421
1 0.634375 0.35 0.009375000000000001 0.031578947368421054
1 0.1546875 0.35 0.009375000000000001 0.031578947368421054
1 0.65 0.33157894736842103 0.009375000000000001 0.03684210526315789
1 0.675 0.3026315789473684 0.0125 0.042105263157894736
