0 0.9476562500000001 0.5381578947368421 0.1015625 0.06578947368421052
0 0.5015625 0.6460526315789473 0.25 0.42894736842105263
1 0.51171875 0.37105263157894736 0.004687500000000001 0.02631578947368421
1 0.46015625000000004 0.37105263157894736 0.004687500000000001 0.02631578947368421
1 0.40156250000000004 0.37105263157894736 0.00625 0.02631578947368421
1 0.6765625000000001 0.31842105263157894 0.009375000000000001 0.03684210526315789
1 0.7203125 0.28157894736842104 0.0125 0.04736842105263158
1 0.7765625 0.23552631578947367 0.015625 0.05526315789473684
0 0.6890625 0.5473684210526316 0.11875000000000001 0.08947368421052632
0 0.8 0.5421052631578948 0.12812500000000002 0.06315789473684211
