1 0.2546875 0.47368421052631576 0.00625 0.021052631578947368
1 0.58359375 0.47236842105263155 0.004687500000000001 0.02368421052631579
1 0.509375 0.3986842105263158 0.003125 0.02368421052631579
1 0.46484375 0.3986842105263158 0.004687500000000001 0.02368421052631579
1 0.42734375 0.3986842105263158 0.004687500000000001 0.02368421052631579
1 0.21171875 0.38552631578947366 0.0078125 0.02368421052631579
1 0.1796875 0.37236842105263157 0.009375000000000001 0.02894736842105263
1 0.146875 0.35789473684210527 0.009375000000000001 0.031578947368421054
1 0.9265625000000001 0.34736842105263155 0.034375 0.11052631578947368
1 0.671875 0.3013157894736842 0.0125 0.04473684210526316
1 0.70234375 0.26842105263157895 0.0140625 0.05263157894736842
0 0.40703125 0.5276315789473685 0.0328125 0.039473684210526314
